59328
40568
37112
26510
4384
24589
48209
35211
26015
37933
27297
54832
9410
36640
17228
11362
41578
22967
51446
60654
9238
2868
24702
63033
51657
34733
25294
18661
58684
48397
6572
5538
17420
17878
2540
15280
13706
40976
12674
61226
2121
36151
21981
13355
32589
23808
18762
39517
18620
50545
17558
37379
55447
61109
24506
23092
36683
46296
39013
54747
46765
3432
8977
7383
25969
30464
25070
54792
39665
23894
26597
59586
4106
12712
29782
56875
3933
26081
6475
65482
48317
35898
30923
26136
12789
9839
8787
27276
48117
33363
62990
23275
57277
46755
9190
37169
1964
1535
59315
52014
18704
49084
17807
32948
25720
2724
28713
9572
23163
50486
4795
32243
57255
64964
51168
7802
61037
8942
8568
37448
19016
26388
51965
50134
11604
24429
12992
53112
38518
25993
28286
13076
56073
61730
38867
8998
43342
865
62672
61346
37286
56735
60212
46116
18768
59210
61719
54483
4877
43559
38731
61000
20004
48418
1987
12563
60379
60715
14266
37803
7167
52475
57906
44365
39807
28794
40428
25707
49697
39777
64106
16840
22183
15420
9324
12374
51487
6660
47922
40944
16975
4878
2058
28710
56066
58433
61472
9935
46870
57293
45278
54820
62566
16196
43094
44620
46508
21979
12452
41053
47901
6556
32263
13138
13939
36094
48921
55502
60426
4758
44032
46459
26549
45605
43063
6681
36656
42413
31175
25845
16126
65181
62347
57784
50739
62172
20001
38312
64380
1941
1795
62150
38590
16569
9971
51926
22652
8189
43747
52925
1931
16776
19683
38086
14430
63245
8136
54229
17415
22722
55341
59435
33176
54801
27369
8927
16340
39604
899
3420
49322
57410
38901
2238
32908
1081
22780
17290
58131
32708
29510
18916
18847
29874
31838
47750
2213
47899
10826
22638
25386
18614
46415
37844
63956
34463
21318
12236
6674
4137
25395
12810
19160
17876
6387
19214
58576
48817
13247
15298
38078
39080
43395
60726
19901
57776
19610
23963
30394
16615
37903
48443
24764
56133
38781
1302
17252
25742
29325
35226
57231
56820
1970
1085
22185
45488
6579
57747
60757
26868
65268
19571
4752
61717
35716
5241
46802
20822
61175
46285
27193
25825
5209
4534
55961
63594
62501
3798
45975
59592
19876
38500
63809
11293
27996
41643
12761
10677
15563
3998
58139
21067
33714
35253
27529
29416
26569
39659
20023
60447
11406
17806
59591
32482
33919
39009
56471
13063
28573
24256
26417
29356
23264
21615
32743
36080
41326
52598
59996
43607
36193
26968
62744
55717
53950
27720
20715
17848
15956
39646
10160
10143
60353
48066
16299
29883
62493
6309
51640
12962
51691
52039
17737
23264
45417
17991
21126
10985
15888
12912
4724
428
61904
25123
58347
42951
63444
42001
33685
14892
7823
42592
19045
21753
17090
51833
617
32203
6714
51637
27239
56847
63634
51876
30494
55074
46501
6115
61925
55211
13154
603
39371
39809
15190
46076
4763
60034
6639
21406
63070
18000
49718
63706
24280
20557
38688
38329
24153
6033
41843
22128
40886
50981
60762
37595
54517
12062
17060
31943
41218
31727
56706
20269
15248
48745
21177
8156
31822
4320
34967
13483
9584
37602
58695
8627
57827
53547
19020
9528
17220
43834
56614
31299
15248
22384
35355
25277
51185
49721
53384
50981
19090
26746
59289
45905
397
47569
505
1822
3847
34906
13861
9631
8863
39333
56036
42994
23729
56326
29481
24611
57599
25655
15770
46861
32249
15843
16772
29675
8431
24170
6128
47103
43892
2056
31715
49639
23621
34066
56048
24028
60250
64267
7955
40978
54980
54454
57155
9950
8632
54436
9359
4577
64001
47053
18732
41980
46920
40331
58602
5586
25693
26632
45665
2125
16947
29255
16572
49161
20491
20353
47878
30291
2348
36572
7746
38987
63514
32476
42643
25507
3763
45458
49374
30672
35582
7591
21622
21877
36702
32061
7950
29110
2838
21149
14258
11031
33656
24513
41637
9997
14109
33157
27604
9542
49513
42429
44615
17863
13716
58584
43243
56306
54170
53398
55935
55308
18309
31082
41849
24051
29151
63564
7147
30637
14396
60087
22644
51359
54155
65233
60244
28612
39103
44708
57550
48990
48319
40657
6066
21688
5943
51132
43826
19876
16033
60448
8563
41262
27542
46404
26059
59366
40818
45115
56698
29860
25617
61630
30044
29310
50375
10648
42424
42687
38227
63642
37364
28560
51034
6309
35931
134
4985
20534
1287
46940
3372
45498
56797
37645
25148
3456
4029
26780
25590
65389
48513
53599
31698
33984
13231
4296
6937
31979
53000
18832
26484
25445
29554
26232
2458
13406
44968
38739
22933
4842
9133
21033
49614
31104
30601
28807
49448
36121
36997
27676
61885
27862
40027
31359
63120
58183
36521
34863
5240
53317
21707
60682
31250
39519
2645
25283
9682
23022
3036
59004
53482
42431
51703
1061
65342
40587
35450
47672
6478
15175
58731
64014
25029
57521
15557
29055
24331
62250
58860
6433
30300
36539
24545
11401
37767
42568
7721
4746
47869
64838
62557
4126
52558
17967
36140
52253
59478
63593
2162
62022
7288
31257
35311
5016
22775
6703
19617
1723
53900
9312
35042
63471
57406
28910
60558
25131
38328
5212
34734
52665
52347
58498
21760
18834
63603
4257
3831
42541
1292
62858
59257
59678
38887
5631
17656
51779
53851
58922
39625
15468
62654
8144
16176
40427
58125
6141
12164
43034
21287
3687
40060
10608
36556
28454
61010
755
61493
18610
29775
26982
11367
54965
56684
37684
50153
34400
54009
28636
36435
38614
63952
53935
55432
51235
19994
21389
23979
2419
18414
41674
63763
58321
47019
58464
6469
24132
32483
63393
6652
12940
39263
7792
62337
35706
43143
59341
26741
57134
60703
24406
42712
15477
20436
31879
24042
2969
31469
29587
40548
35904
48759
37948
36497
33718
24454
44087
31952
40377
22927
42945
11028
64824
33396
20263
8569
44963
25833
18616
22209
62322
11639
57004
51380
7943
21316
48604
34001
1753
35437
59171
51565
59044
20825
14400
2212
26614
34858
15351
49059
36437
59593
47806
58886
15855
35299
53060
43124
10661
28453
62229
47076
10469
20508
39365
37302
63740
29864
62077
13560
63680
48444
23279
1111
32039
36192
59831
29527
28995
29495
21345
15865
20758
40675
51918
36082
31851
51956
32250
41874
59924
21447
63765
45159
31868
20831
13904
37877
29417
30063
65061
64188
34619
51526
44373
59023
21127
46075
37076
45018
13370
44154
1871
